./msdir/ms 200 1 -t 10 -s 11 
29 58182 19645

//
prob: 5.68758e-08
segsites: 11
positions: 0.0552 0.1298 0.1541 0.1854 0.2501 0.2905 0.3822 0.3872 0.4304 0.6027 0.9520 
00000000000
00010000000
00000000000
00000010000
00000000000
00000010000
00000010000
10100000000
00000000000
00000000000
00000000000
00000000000
00000010000
01000000000
00000000000
00000010000
00000000000
10100000000
00000000000
10100000000
00000000000
00000000000
00000000000
00000000000
00000000000
10100000000
00000000000
00000000000
00000000000
00010000000
00000000100
00000000000
00000000000
00000000000
00000000000
00000000000
00000000000
00000000000
00000000000
00010000000
00000000000
10100000000
10100000000
00000000000
00000000000
00000000000
00000000000
00000000000
10100000000
00000000000
10100000000
00000000000
10100000000
00000000000
00000000000
00000000000
10100000000
00000000000
10100000000
00000000000
00000000001
00000000000
10100000000
00000010000
00000000000
00000000000
00000000000
00000000000
10100000000
00000000000
00000000000
00000000000
00000000000
00000000000
00000000000
00000000000
00000000000
10100000000
00000000000
00000000000
01000000000
00000100000
00000000000
00000000000
00000000000
00000000000
00000000000
00000000010
00000000000
00000000000
00000000000
00000000000
00010000000
00000000000
00000000000
00000000100
10100000000
00000010000
00000000000
00000000000
00010000000
00000000000
00000000000
10100000000
10100000000
00000000000
00000000000
00000000000
00000000000
00000000000
00000000000
10100000000
00000010000
00000000000
00000000000
00000010000
00000000000
00000000000
00000000000
00000000000
00000000000
00000000000
00000010000
00000000000
00000000000
00000010000
00000010000
10100000000
10100000000
00000000000
00000000000
00000000000
00000000000
00000000000
00000000000
00000000000
00000010000
00000000000
00000000000
00000010000
00000010000
00000000000
10100000000
00000000000
00000000000
00000000000
10100000000
00000000000
10100000000
00000000000
10100000000
00000000000
00000000000
00000000000
10100000000
00000000000
00000000000
00000000000
00000000000
00000000000
00000000000
00000000000
00000000000
00000000000
00001000000
00000000000
00000000000
00000000000
00000000000
00000000000
00000000000
00000000000
10100000000
00010000000
00000000000
00000000000
00000000000
10100000000
00000000000
00000000000
00000000000
00000010000
10100000000
00000000000
00000000000
00000010000
00000000000
00000000000
00000000000
00000000000
10100000000
10100000000
00000000000
00000000000
10100000000
00000000000
10100001000
00000000000
00000000000
10100000000
