ms 200 1 -t 10 -s 11  [3.2rc Build:162]
0x8ed014fcc0bb5f17

//
segsites: 11
positions: 0.05584 0.06801 0.18499 0.41101 0.45493 0.50150 0.56663 0.63383 0.72220 0.84944 0.99644 
00000100111
00000100111
00000100111
00001000000
00000000000
00000000000
00001000000
00001000000
00000000111
00000000000
00100100111
00000000000
00000000000
00000000000
00000100111
00001000000
00000000000
00000000000
00000000000
00010000000
00000001000
00000100111
00000100111
00001000000
00000000000
01001000000
00000100111
00000001000
00000000000
00000000000
00000000000
00000000000
00000100111
00000000000
00000100111
00000000000
00000000000
00000000000
00000000111
00000000000
00000000000
00000000000
00000000000
00000000000
00000000000
00000000000
00001000000
00000000000
00000100111
00000000000
00000000000
00000000000
00000000000
00010010000
00000000111
00000000000
00000000000
00000000000
00000000000
00000000000
00000000000
00000000000
00000000000
00000000000
00000100111
00000000000
00000100111
00001000000
00001000000
00000000000
00000000000
00000000000
00000000000
00001000000
00001000000
01001000000
00001000000
00001000000
00000100111
00000000000
00000000000
00000000000
00000100111
00000000111
00000100111
00001000000
00000100111
00000000000
00000100111
00000000000
00100100111
00000000111
00000100111
00000000000
00000000000
00000000111
10000000111
00001000000
00001000000
00000000000
00000100111
00000100111
00000000000
00000000111
00010000000
00000000000
00000100111
00000001000
00000000000
00000000000
00000000000
00000000111
00001000000
00000100111
00000000000
00000000111
00000000000
00000000000
00000000000
00000000000
00000000000
00000000000
00000000000
01001000000
00000100111
00000100111
00000000000
00000100111
00001000000
00010010000
00100100111
00000000000
00000000000
00000100111
00000000000
00000000000
00000000000
00000000000
00001000000
00001000000
00000100111
00000100111
00000000000
00000100111
00100100111
00000000000
00000000000
00001000000
00000100111
00010000000
00000100111
00000000000
00001000000
00010010000
00000000000
00000000000
00000000000
00001000000
00000000000
00000000000
00000100111
00000100111
00000000000
00000000000
00000000000
00000000000
00000000111
00000100111
00000000000
00000000000
00000000000
00000100111
00000000000
00000000111
00000000000
00000000000
00001000000
00000000000
00000000000
00010000000
00000100111
00000100111
00000000000
10000000111
00000000111
00001000000
00000000000
00000100111
00000000111
00000000000
00000100111
00100100111
00100100111
00100100111
00000000000
00000000000
00000000000
00000100111
00000000000
00000100111

